-3.990331588038743796e-20
-6.480532750388533744e-20
-1.050362582969491172e-19
-1.699004260979758456e-19
-2.742687129758128738e-19
-4.418598337153468957e-19
-7.104264394638253967e-19
-1.139934557624829760e-18
-1.825436845419251632e-18
-2.917290436346534575e-18
-4.652842595675317459e-18
-7.405983855836740993e-18
-1.176448008438737364e-17
-1.865040050299311190e-17
-2.950726098430789174e-17
-4.659022524761423576e-17
-7.341516206339026523e-17
-1.154520407893783585e-16
-1.811933382060285700e-16
-2.837967747972733827e-16
-4.436057406551784674e-16
-6.920081128434739056e-16
-1.077331583965299474e-15
-1.673831072965416919e-15
-2.595360762377948124e-15
-4.016128164448622888e-15
-6.202131312015885357e-15
-9.558676312573793620e-15
-1.470204669667305540e-14
-2.256736854952541890e-14
-3.457060347022050071e-14
-5.285130895936716425e-14
-8.063565402497604067e-14
-1.227780928354233362e-13
-1.865678829890022596e-13
-2.829273533745654232e-13
-4.281883661748905080e-13
-6.467202804050129472e-13
-9.748091612995453357e-13
-1.466371601425723592e-12
-2.201352580606242024e-12
-3.298041424033025829e-12
-4.931094689787049405e-12
-7.357853152848886766e-12
-1.095668624510135573e-11
-1.628273914049033794e-11
-2.414880403816760924e-11
-3.574238266641531013e-11
-5.279476598326321294e-11
-7.782471097130808497e-11
-1.144888573038920203e-10
-1.680845351611419599e-10
-2.462696529395962148e-10
-3.600911201345220769e-10
-5.254508058220819212e-10
-7.651905733538155573e-10
-1.112051282346518681e-09
-1.612862810040339797e-09
-2.334464094111289107e-09
-3.372048965517644658e-09
-4.860905640467299489e-09
-6.992893117104909705e-09
-1.003951433078327661e-08
-1.438415518754065138e-08
-2.056703001489899962e-08
-2.934770121536507495e-08
-4.179184991267041322e-08
-5.939143399971721502e-08
-8.423070604551219255e-08
-1.192150771849899712e-07
-1.683859050529699293e-07
-2.373524855677954395e-07
-3.338835431997147092e-07
-4.687152702650458458e-07
-6.566526839366574888e-07
-9.180673526118172886e-07
-1.280929488281457949e-06
-1.783558745624733721e-06
-2.478339373656758905e-06
-3.436726254307302502e-06
-4.755974815858182958e-06
-6.568167545826746051e-06
-9.052292777684279039e-06
-1.245037032730286328e-05
-1.708892970157038102e-05
-2.340755077133690860e-05
-3.199670041155254469e-05
-4.364777514948694684e-05
-5.941913164323301848e-05
-8.072300714520247249e-05
-1.094396679333500073e-04
-1.480669588179800921e-04
-1.999157658204852325e-04
-2.693648770217012657e-04
-3.621924945996931829e-04
-4.860064133789342546e-04
-6.508008829988899246e-04
-8.696757129255059402e-04
-1.159762629779745877e-03
-1.543415702893139113e-03
-2.049737360413070308e-03
-2.716529782182554916e-03
-3.592784068970777782e-03
-4.741847500573334075e-03
-6.245443543147597906e-03
-8.208761399840227083e-03
-1.076688341893847038e-02
-1.409288146857172810e-02
-1.840798967346608112e-02
-2.399435327842745075e-02
-3.121096486813631013e-02
-4.051353321930062368e-02
-5.247919070028242428e-02
-6.783713695406444477e-02
-8.750654482199864137e-02
-1.126433249856599733e-01
-1.446976652410189301e-01
-1.854846360464409982e-01
-2.372705941517105621e-01
-3.028786296449493265e-01
-3.858168983287977860e-01
-4.904343713422654738e-01
-6.221093283812210162e-01
-7.874768312199833531e-01
-9.947024522725894657e-01
-1.253810710464308364e+00
-1.577077995229797525e+00
-1.979501249823629960e+00
-2.479355346910602886e+00
-3.098853930347913455e+00
-3.864930522351007980e+00
-4.810158906584838689e+00
-5.973834192445621305e+00
-7.403238535635637163e+00
-9.155118220009502039e+00
-1.129740167228946035e+01
-1.391119095160576613e+01
-1.709306228558313023e+01
-2.095771425654276854e+01
-2.564100520330072186e+01
-3.130342420760133848e+01
-3.813404257301301925e+01
-4.635499485224403315e+01
-5.622654008971539952e+01
-6.805275485162970028e+01
-8.218790962545855905e+01
-9.904357907242490455e+01
-1.190965341768060597e+02
-1.428974603017250047e+02
-1.710805392626423327e+02
-2.043739254839328510e+02
-2.436111358194136756e+02
-2.897433594013733682e+02
-3.438526776475027305e+02
-4.071661650294520882e+02
-4.810708181454442638e+02
-5.671292338365204841e+02
-6.670959263885779365e+02
-7.829341391866305457e+02
-9.168329675349831405e+02
-1.071224566831778702e+03
-1.248801174114653804e+03
-1.452531621540612377e+03
-1.685676968149904269e+03
-1.951804821985455874e+03
-2.254801869178212200e+03
-2.598884071046574718e+03
-2.988603935880809331e+03
-3.428854220388824160e+03
-3.924867368469719622e+03
-4.482209953955013589e+03
-5.106771361294061535e+03
-5.804745916089274033e+03
-6.582607668260405262e+03
-7.447077036857759595e+03
-8.405078549595667937e+03
-9.463688954435559936e+03
-1.063007504729466746e+04
-1.191142065126371745e+04
-1.331484230037448651e+04
-1.484729332635996252e+04
-1.651545622090597681e+04
-1.832562334892790022e+04
-2.028356632004736093e+04
-2.239439458455316344e+04
-2.466240410468725167e+04
-2.709091725915914139e+04
-2.968211546441350220e+04
-3.243686633540131879e+04
-3.535454755543104693e+04
-3.843286997210927075e+04
-4.166770277646413160e+04
-4.505290394625855697e+04
-4.858015943270357093e+04
-5.223883483214719308e+04
-5.601584350036732212e+04
-5.989553522623339086e+04
-6.385960967326115497e+04
-6.788705881198118732e+04
-7.195414249383225979e+04
-7.603440115039129159e+04
-8.009870933350495761e+04
-8.411537343746922852e+04
-8.805027646111120703e+04
-9.186707207519371877e+04
-9.552742956142262847e+04
-9.899133038882678375e+04
-1.022174162997936510e+05
-1.051633878030934720e+05
-1.077864509294590534e+05
-1.100438090143391019e+05
-1.118931951527932397e+05
-1.132934398461196688e+05
-1.142050672538086365e+05
-1.145909124045380304e+05
-1.144167507339363510e+05
-1.136519304329231236e+05
-1.122699973364139732e+05
-1.102493014847916347e+05
-1.075735740746229712e+05
-1.042324633027740929e+05
-1.002220176180012204e+05
-9.554510514070501085e+04
-9.021175850439467467e+04
-8.423943511563488573e+04
-7.765318382105947239e+04
-7.048571020247036358e+04
-6.277733417977149657e+04
-5.457583526587805682e+04
-4.593618266104816576e+04
-3.692014936380989093e+04
-2.759581157420441014e+04
-1.803693683038100062e+04
-8.322266506152187503e+03
1.465299543019476459e+03
1.123960631425833526e+04
2.091222314177863518e+04
3.039348571642591196e+04
3.959358545858146681e+04
4.842368975680401491e+04
5.679707557574032398e+04
6.463025825559755322e+04
7.184409699515941611e+04
7.836485854643487255e+04
8.412522105849471700e+04
8.906520078899402870e+04
9.313298554344652803e+04
9.628566018477739999e+04
9.848981135087994335e+04
9.972200058979104506e+04
9.996909742765227566e+04
9.922846637484719395e+04
9.750800449687697983e+04
9.482602887156809447e+04
9.121101596410763159e+04
8.670119761679020303e+04
8.134402091302380722e+04
7.519548157946941501e+04
6.831934278470027493e+04
6.078625313126682158e+04
5.267277928091083595e+04
4.406036996770692349e+04
3.503426911705695238e+04
2.568239638449025369e+04
1.609421365066892031e+04
6.359595860483296747e+03
-3.432275914075537457e+03
-1.319398215603595054e+04
-2.284087746091174995e+04
-3.229203354100527213e+04
-4.147109992937669449e+04
-5.030707151410635561e+04
-5.873495406086552248e+04
-6.669632100984096178e+04
-7.413975701239924820e+04
-8.102118585468943638e+04
-8.730408255279381410e+04
-9.295957145319378469e+04
-9.796641409320820821e+04
-1.023108923336446460e+05
-1.059865938404154294e+05
-1.089941083396529430e+05
-1.113406441843695793e+05
-1.130395756388261507e+05
-1.141099319046679593e+05
-1.145758392817471031e+05
-1.144659279833088221e+05
-1.138127150219309406e+05
-1.126519742659149342e+05
-1.110221042562184884e+05
-1.089635036950754875e+05
-1.065179636950501445e+05
-1.037280849387996277e+05
-1.006367268733769015e+05
-9.728649497653960134e+04
-9.371927101359824883e+04
-8.997579007780196844e+04
-8.609526709923711314e+04
-8.211507443847510149e+04
-7.807047117081501347e+04
-7.399438373112387490e+04
-6.991723674102900259e+04
-6.586683208953298163e+04
-6.186827369186521537e+04
-5.794393481337498815e+04
-5.411346441662403959e+04
-5.039382866896734049e+04
-4.679938353107481817e+04
-4.334197422821500368e+04
-4.003105737830624275e+04
-3.687384160503498424e+04
-3.387544259106334357e+04
-3.103904871527696741e+04
-2.836609365854951830e+04
-2.585643264407869356e+04
-2.350851929064438445e+04
-2.131958039028280109e+04
-1.928578626668699872e+04
-1.740241471870470923e+04
-1.566400689714475993e+04
-1.406451379621494016e+04
-1.259743235780586656e+04
-1.125593048308152538e+04
-1.003296051797333166e+04
-8.921361024747266129e+03
-7.913946869245976814e+03
-7.003587841949904941e+03
-6.183276190654748461e+03
-5.446183573943607371e+03
-4.785708048913669700e+03
-4.195511785402168243e+03
-3.669550254182149274e+03
-3.202093670461394595e+03
-2.787741488858517187e+03
-2.421430744281672560e+03
-2.098439017238438282e+03
-1.814382774449347380e+03
-1.565211798523931066e+03
-1.347200376039968432e+03
-1.156935863639143918e+03
-9.913051985167040812e+02
-8.474798645384122437e+02
-7.228997695590670673e+02
-6.152564345241676165e+02
-5.224758415926806947e+02
-4.427012376094304500e+02
-3.742761413879864563e+02
-3.157277588800852186e+02
-2.657509696981891238e+02
-2.231930117875629662e+02
-1.870389583630973220e+02
-1.563980524911913790e+02
-1.304909397877616755e+02
-1.086378184383580674e+02
-9.024750789865069578e+01
-7.480742294288650385e+01
-6.187442791399552533e+01
-5.106653680056385269e+01
-4.205541782973553211e+01
-3.455965633350798072e+01
-2.833872644165103338e+01
-2.318762041589374689e+01
-1.893208392358157965e+01
-1.542440603169877811e+01
-1.253971398271152538e+01
-1.017272471283928503e+01
-8.234907433827320489e+00
-6.652014284960463542e+00
-5.361938956923878230e+00
-4.312866195992403284e+00
-3.461678135875251083e+00
-2.772586410922276201e+00
-2.215961927679212184e+00
-1.767336973509797460e+00
-1.406556993224285623e+00
-1.117061848359922616e+00
-8.852786774540202241e-01
-7.001105939992317007e-01
-5.525073914297741196e-01
-4.351061750242949389e-01
-3.419314155867599347e-01
-2.681453279363219533e-01
-2.098407288697843598e-01
-1.638696355775716429e-01
-1.277018382063477564e-01
-9.930853119572415066e-02
-7.706682882850778016e-02
-5.968163238438164292e-02
-4.612187008325224075e-02
-3.556860668849869123e-02
-2.737292651948878414e-02
-2.102184023508021568e-02
-1.611075985432713908e-02
-1.232133506999145804e-02
-9.403653237926544450e-03
-7.161981043473966170e-03
-5.443372652515472351e-03
-4.128591443191196447e-03
-3.124893926371531683e-03
-2.360308441703775750e-03
-1.779110457277331648e-03
-1.338253202876762016e-03
-1.004558976604450534e-03
-7.525145217922594911e-04
-5.625448468817545022e-04
-4.196649944295098599e-04
-3.124295957340458884e-04
-2.321164426652377020e-04
-1.720934900725271631e-04
-1.273292688922365748e-04
-9.401513560235641095e-05
-6.927451412047244629e-05
-5.093963440033727030e-05
-3.738050957842998064e-05
-2.737424163406956050e-05
-2.000538341327501529e-05
-1.459015738093514519e-05
-1.061895526985736648e-05
-7.712811536882614686e-06
-5.590532145626941725e-06
-4.043928434497963005e-06
-2.919201210967432205e-06
-2.102980396350818662e-06
-1.511880283754821159e-06
-1.084703203123990632e-06
-7.766335179378336479e-07
-5.549238201393642188e-07
-3.956971944078166801e-07
-2.815822476004543067e-07
-1.999680411051270565e-07
-1.417193831056785698e-07
-1.002331934924246886e-07
-7.074696980915361882e-08
-4.983315493183571184e-08
-3.503027005155823711e-08
-2.457442939252508325e-08
-1.720436083306536602e-08
-1.202012734747640215e-08
-8.380989562203582404e-09
-5.831731353647566337e-09
-4.049635801765300613e-09
-2.806408833182746968e-09
-1.940897873915959058e-09
-1.339588655729105766e-09
-9.226936283693199059e-10
-6.342509327796598640e-10
-4.350933893122509667e-10
-2.978666445354838249e-10
-2.035070771222651943e-10
-1.387572388706812035e-10
-9.441706595446237099e-11
-6.411568651053178817e-11
-4.345074840115380215e-11
-2.938661838392458584e-11
-1.983451425691495618e-11
-1.336021176578550675e-11
-8.981009204505964868e-12
-6.025001708928421982e-12
-4.033756186093643709e-12
-2.695148827659045598e-12
-1.797118418937742349e-12
-1.195891196440753656e-12
-7.941963094809764359e-13
-5.263631435795981564e-13
-3.481486195085269403e-13
-2.298082760761238299e-13
-1.513870114237652875e-13
-9.952534875945984266e-14
-6.529818633197572424e-14
-4.275540468021831219e-14
-2.793853227181518433e-14
-1.821960615513721067e-14
-1.185761597864997611e-14
-7.701564207265906402e-15
-4.992106302783563204e-15
-3.229328265046479166e-15
-2.084799073691992932e-15
-1.343197933740422037e-15
-8.636539749701465610e-16
-5.541963233743601982e-16
-3.549047048382958397e-16
-2.268215285255569207e-16
-1.446709502562998910e-16
-9.208800917108508599e-17
-5.849916466864916191e-17
-3.708695825680134063e-17
-2.346485498471626162e-17
-1.481630051930936826e-17
-9.336563621622539329e-18
-5.871645882242827950e-18
-3.685176499146827054e-18
-2.308248185026896068e-18
-1.442887970524903229e-18
-9.001372803183237627e-19
-5.604166582343195424e-19
-3.482086835290903885e-19
-2.159208364030550863e-19
-1.336214025545832596e-19
-8.252473382113128494e-20
-5.086499305901940741e-20
-3.128820970413780938e-20
-1.920743707064228493e-20
-1.176752739880938707e-20
-7.194957332029303058e-21
-4.390343927995653118e-21
-2.673599108919004239e-21
-1.624881015536073139e-21
-9.855405084348589209e-22
-5.965613846870801499e-22
-3.603824585301105741e-22
-2.172701674175470905e-22
-1.307267924641584883e-22
-7.849775983387726202e-23
-4.704117607838675832e-23
-2.813373725501208970e-23
-1.679210450376346296e-23
-1.000256472162107400e-23
-5.946292208223875581e-24
-3.527847901795568431e-24
-2.088826072672572317e-24
-1.234308213837569870e-24
-7.279037576069416992e-25
-4.284038802822375609e-25
-2.516297643663008575e-25
-1.475026741780668470e-25
-8.629132378389339538e-26
-5.038065492579811837e-26
-2.935553573030486788e-26
-1.707048342441517467e-26
-9.906752668037498277e-27
-5.737815684081532019e-27
-3.316589484006524761e-27
-1.913228223337852462e-27
-1.101467914553773184e-27
-6.328590771710634353e-28
-3.628877807493623983e-28
-2.076672065105015140e-28
-1.186024929994091300e-28
-6.760053153762383719e-29
-3.845358843685550082e-29
-2.183002235538277684e-29
-1.236807480943658473e-29
-6.993276742259039633e-30
-3.946299891594179995e-30
-2.222441235096196008e-30
-1.249112018163210859e-30
-7.006537587580204199e-31
-3.922261658598998019e-31
-2.191294626286764846e-31
-1.221788847344652618e-31
-6.798651461189736862e-32
-3.775554133715176208e-32
-2.092521815004394432e-32
-1.157419299667831557e-32
-6.389147903125083064e-33
-3.519870804468861829e-33
-1.935272504289458200e-33
-1.061913673960295514e-33
-5.815245376231269206e-34
-3.178181398792643296e-34
-1.733489373093199532e-34
-9.436166827223694796e-35
-5.126276421154937345e-35
-2.779332287583948297e-35
-1.503872521429601793e-35
-8.121078937850414399e-36
-4.376718884165237577e-36
-2.354050866710110177e-36
-1.263616701902127804e-36
-6.769354403733417928e-37
-3.619191639923353071e-37
-1.931116151656450785e-37
-1.028342426261612057e-37
-5.465120041914643253e-38
-2.898640155697820161e-38
-1.534339980272056195e-38
-8.105534320008931407e-39
-4.273409365785272330e-39
-2.248537824612612674e-39
-1.180752297737794552e-39
-6.188000674961679928e-40
-3.236494741867641675e-40
-1.689400071473795562e-40
-8.800821405039215229e-41
-4.575589479562019487e-41
-2.374127781433363698e-41
-1.229403277932529064e-41
-6.353571612954080005e-42
-3.276987795794219967e-42
-1.686805841502114292e-42
-8.665403529280438713e-43
-4.442689433541161565e-43
-2.273194677591408250e-43
-1.160809256515835312e-43
-5.915870993298647761e-44
-3.008916740183717888e-44
-1.527338617482986264e-44
-7.737385295729862284e-45
-3.911892269237042186e-45
-1.973846434352614946e-45
-9.939709487844983401e-46
-4.995372937194172395e-46
-2.505509642448017191e-46
-1.254175223658078694e-46
-6.265480351209218714e-47
-3.123809808808548085e-47
-1.554350266906434160e-47
-7.718756397823105395e-48
-3.825427287284508348e-48
-1.892111738402103542e-48
-9.340021131047602306e-49
-4.601328349074194045e-49
-2.262314179205897600e-49
-1.110086885569057032e-49
-5.436199994244325437e-50
-2.656857827931385094e-50
-1.295912493930869986e-50
-6.308375645907331705e-51
-3.064742278058530102e-51
-1.485952583407997600e-51
-7.190358714651304686e-52
-3.472408507159815632e-52
-1.673577194011068281e-52
-8.049991167586214461e-53
-3.864379858559779940e-53
-1.851394634235215002e-53
-8.852236531721067449e-54
-4.224174690360620862e-54
-2.011711110956138005e-54
-9.561461392886559854e-55
-4.535423917774028853e-55
-2.147071352214181060e-55
-1.014401964221195031e-55
-4.783091953027101035e-56
-2.250828753352956286e-56
-1.057088347617548066e-56
-4.954675935101019527e-57
-2.317684899934007187e-57
-1.082003652325240988e-57
-5.041250647829399933e-58
-2.344137666807308753e-58
-1.087835491939828429e-58
-5.038237688472770731e-59
-2.328785172460931473e-59
-1.074275268897202416e-59
-4.945806635410784807e-60
-2.272448872277052704e-60
-1.042045230159869303e-60
-4.768859291718856341e-61
-2.178100747906140093e-61
-9.928347391405718315e-62
-4.516599035640110963e-62
-2.050603573284977281e-62
-9.291535890004865125e-63
-4.201737929599170224e-63
-1.896295845559235243e-63
-8.541200809533480690e-64
-3.839436632922094715e-64
-1.722470667124540689e-64
-7.712087529589732032e-65
-3.446099998277981647e-65
-1.536808086073068492e-65
-6.839860738254925035e-66
-3.038160885484629436e-66
-1.346821957071814943e-66
-5.958617994247732699e-67
-2.630975839981656714e-67
-1.159375613456505145e-67
-5.098794060406137576e-68
-2.237931629949168390e-68
-9.803072502547418951e-69
-4.285620349025494099e-69
-1.869826370875307572e-69
-8.141885546667907029e-70
-3.538220189666350818e-70
-1.534549469237203238e-70
-6.642218026796220272e-71
-2.869337140666296091e-71
-1.237047211446204128e-71
-5.322641718579583968e-72
-2.285622375800520069e-72
-9.795306571543790860e-73
-4.189555204737209490e-73
-1.788356732312567874e-73
-7.618627926942948681e-74
-3.239185129234066725e-74
-1.374457109868492976e-74
-5.820536970633303812e-75
-2.459978836373208122e-75
-1.037614827385877022e-75
-4.367948083739558309e-76
-1.835081206185648446e-76
-7.694309444544992254e-77
-3.219738281482714502e-77
-1.344646345403170341e-77
-5.604439461938929468e-78
-2.331271802077835127e-78
-9.678103909168807428e-79
-4.009814774708629533e-79
-1.658040076022030320e-79
-6.842305098041866836e-80
-2.818036193398998818e-80
-1.158317016007654083e-80
-4.751656780513803710e-81
-1.945357692600393751e-81
-7.948600413265244252e-82
-3.241295877773386951e-82
-1.319117618389409213e-82
-5.357784177645273327e-83
-2.171819751783452530e-83
-8.786162444367493572e-84
-3.547411612400254214e-84
-1.429423312968854686e-84
-5.748401299756854366e-85
-2.307120377468717943e-85
-9.241243355205022386e-86
-3.694260802224978222e-86
-1.473878580091340329e-86
-5.868578122876747041e-87
-2.332067507794083071e-87
-9.248821707899887575e-88
-3.660739079983312972e-88
-1.446066412388891458e-88
-5.700918262636055718e-89
-2.243047746520697300e-89
-8.807838994664051076e-90
-3.451734454031504637e-90
-1.350027345546880082e-90
-5.269688536381731805e-91
-2.052884608111922953e-91
-7.981441882664331212e-92
-3.096958703806639197e-92
-1.199296952972122082e-92
-4.635059560053617499e-93
-1.787809318097396432e-93
-6.882153861698851097e-94
-2.644020866497575729e-94
-1.013777652002059608e-94
-3.879340477939756570e-95
-1.481529990923208563e-95
-5.646773612426917104e-96
-2.147967472174571456e-96
-8.154407928385713816e-97
-3.089545465842288648e-97
-1.168245687726928650e-97
-4.408706989104954110e-98
-1.660449809026557737e-98
-6.241338702963131366e-99
-2.341354888542672726e-99
-8.765854382931726715e-100
-3.275358046838427520e-100
-1.221408253950651702e-100
-4.545696871069740214e-101
-1.688409001185675509e-101
-6.258819487140356511e-102
-2.315500009448028332e-102
-8.549382648107255719e-103
-3.150375667925261327e-103
-1.158584110006734387e-103
-4.252364058340990436e-104
-1.557653913380459029e-104
-5.694415808754801054e-105
-2.077614986363227320e-105
-7.565169491199775279e-106
-2.749223001395383416e-106
-9.971006540514988364e-107
-3.609156982158101251e-107
-1.303797953812273114e-107
-4.700592270988939235e-108
-1.691346721885467113e-108
-6.073660314973525919e-109
-2.176737976380038882e-109
-7.785735101663865935e-110
-2.779271148270149231e-110
-9.901478603579970996e-111
-3.520521804510262966e-111
-1.249257273156722948e-111
-4.424198555537893088e-112
-1.563706421289635832e-112
-5.515866269861037040e-113
-1.941825266321671943e-113
-6.822514845823717085e-114
-2.392306196118165117e-114
-8.371956950633979194e-115
-2.923985166366884646e-115
-1.019204452722979111e-115
-3.545564903096162831e-116
-1.230970254295054847e-116
-4.265281315026760359e-117
-1.474978927564798820e-117
-5.090517989056520282e-118
-1.753380504925049097e-118
-6.027377850466602238e-119
-2.067848515322909970e-119
-7.080225538186850298e-120
-2.419432688831685069e-120
-8.251218481533952312e-121
-2.808411425225052977e-121
-9.539848719212575471e-122
-3.234151554497451564e-122
-1.094252079021349053e-122
-3.694983789904808706e-123
-1.245219316143599189e-123
-4.188102723384887935e-124
-1.405811128042191378e-124
-4.709500135290685035e-125
-1.574565916486545730e-125
-5.253939709575317075e-126
-1.749635328191925668e-126
-5.814979925112311816e-127
-1.928799728703896036e-127
-6.385049945737264015e-128
-2.109500910606160801e-128
-6.955580821296606511e-129
-2.288892314932466233e-129
-7.517191360017268504e-130
-2.463906060719471969e-130
-8.059924809685501055e-131
-2.631335040017209908e-131
-8.573529202336283159e-132
-2.787927315926987252e-132
-9.047771111365557418e-133
-2.930489135984779413e-133
-9.472769883894214731e-134
-3.055992117834404939e-134
-9.839337373569139042e-135
-3.161679646064948365e-135
-1.013930700183501427e-135
-3.245167290887711332e-136
-1.036583575560996762e-136
-3.304532153550428144e-137
-1.051366355181883716e-137
-3.338386468187080083e-138
-1.057931624925918397e-138
-3.345931527347349253e-139
-1.056124136851353642e-139
-3.326989005403861257e-140
-1.045986911659327880e-140
-3.282007964547374857e-141
-1.027759536688470818e-141
-3.212047159023196240e-142
-1.001868753455764996e-142
-3.118733611279041867e-143
-9.689118510654133230e-144
-3.004199722976587974e-144
-9.296337677820243515e-145
-2.871002314602486986e-145
-8.848991261971625135e-146
-2.722027883385115225e-146
-8.356606664554184496e-147
-2.560388973864081884e-147
-7.829256828178920261e-148
-2.389316836476124097e-148
-7.277221052433019827e-149
-2.212055500425465310e-149
-6.710658017682492591e-150
-2.031762027263556612e-150
-6.139305190952039736e-151
-1.851417082748282410e-151
-5.572216442224302170e-152
-1.673749126612125770e-152
-5.017546802626386143e-153
-1.501174544501294440e-153
-4.482390084969828833e-154
-1.335755010216566553e-154
-3.972671804853051303e-155
-1.179172344669511813e-155
-3.493096714222719408e-156
-1.032720197911207591e-156
-3.047147483825434260e-157
-8.973110771533557694e-158
-2.637128795933765578e-158
-7.734966158944377765e-159
-2.264249430522365620e-159
-6.614985489894198235e-160
-1.928733888594635220e-160
-5.612476304751267518e-161
-1.629954685133123656e-161
-4.724276945388962673e-162
-1.366576606442717792e-162
-3.945221919468751382e-163
-1.136704872980905681e-163
-3.268608021891197722e-164
-9.380301672399653057e-165
-2.686640880610166276e-165
-7.679647544795593978e-166
-2.190845853872999972e-166
-6.237653205861586509e-167
-1.772431689950086852e-167
-5.026395648895060418e-168
-1.422599742092926458e-168
-4.018349225585818664e-169
-1.132795547401625195e-169
-3.187089792111531139e-170
-8.949030376572573635e-171
-2.507821310961878211e-171
-7.013844366643819629e-172
-1.957738121559317595e-172
-5.453709654133730866e-173
-1.516241495578165596e-173
-4.207108364132568723e-174
-1.165032339687079390e-174
-3.219817316798010599e-175
-8.881032456548129856e-176
-2.444751175372808827e-176
-6.716528425606621354e-177
-1.841594647215064808e-177
-5.039439437683968847e-178
-1.376288314415370667e-178
-3.751246699739885018e-179
-1.020424431534804919e-179
-2.770289104611854079e-180
-7.505996711373265540e-181
-2.029694531715265062e-181
-5.477621702795648027e-182
-1.475341087522939570e-182
-3.965809906478828436e-183
-1.063923517716641500e-183
-2.848577176677244459e-184
-7.611752232203692200e-185
-2.029926782426081625e-185
-5.402753920206938053e-186
-1.435122884110931155e-186
-3.804539407429659678e-187
-1.006593645842422256e-187
-2.657941318266083812e-188
-7.004476846720434340e-189
-1.842235458702207468e-189
-4.835637016515222264e-190
-1.266780525772593310e-190
-3.311983751816410963e-191
-8.641997901615678839e-192
-2.250501262271922630e-192
-5.849025517289384042e-193
-1.517144431988900179e-193
-3.927439473863295579e-194
-1.014685002314571497e-194
-2.616327790820258724e-195
-6.732746229960105994e-196
-1.729145424322392656e-196
-4.432104410382834657e-197
-1.133776992991387095e-197
-2.894572929519164067e-198
-7.375314716003702334e-199
-1.875494641634960751e-199
-4.759817630616139054e-200
-1.205602164839638349e-200
-3.047592880488949387e-201
-7.688632659233649575e-202
-1.935889255476249625e-202
-4.864644940094999536e-203
-1.220003373348613550e-203
-3.053586074436425259e-204
-7.627787000139007558e-205
-1.901630826851919689e-205
-4.731437708493188321e-206
-1.174895703161043535e-206
-2.911687621376186626e-207
-7.201608788502542598e-208
-1.777679879024659821e-208
-4.379422836621201374e-209
-1.076761443662224606e-209
-2.642173995302405630e-210
-6.470571444852814574e-211
-1.581478054737135729e-211
-3.857651737284484750e-212
-9.391223688028868954e-213
-2.281711213752710892e-213
-5.532717523706073555e-214
-1.338923154978563228e-214
-3.233792468712961131e-215
-7.794853934216231841e-216
-1.875180877114513108e-216
-4.502126586490809189e-217
-1.078776793506750599e-217
-2.579792943698618983e-218
-6.157117929635243473e-219
-1.466592514443889818e-219
-3.486429048844045263e-220
-8.271639124234378288e-221
-1.958581781098208450e-221
-4.628403685987701306e-222
-1.091591498118375474e-222
-2.569380690374131125e-223
-6.035818468162931913e-224
-1.415087483859607044e-224
-3.311081119850574301e-225
-7.732069826000878295e-226
-1.802026335035621580e-226
-4.191465769176927983e-227
-9.729939553626757981e-228
-2.254206996848249067e-228
-5.212149710192109837e-229
-1.202761203420266196e-229
-2.770010311435282867e-230
-6.366823494742238987e-231
-1.460507154064494090e-231
-3.343674746543946737e-232
-7.639832271212685510e-233
-1.742140147769013002e-233
